45
0.304305   -0.263491
0.538535   -0.682743
0.888707   -0.962378
0.272955   -0.187292
0.111461   -0.0699404
1.05221   -0.539316
0.184561   -0.179355
0.0985023   -0.0696165
0.640049   -1.13006
0.280881   -0.210934
0.375294   -0.459022
0.976773   -0.667909
0.21055   -0.214655
0.0597613   -0.0905555
0.800781   -1.07
0.0823194   -0.10197
0.103312   -0.0165743
0.486317   -1.30175
0.286577   -0.357077
0.942776   -0.34499
1.00042   -1.35817
0.276308   -0.322232
0.103527   -0.0890364
1.17906   -1.20014
0.0458941   -0.265485
0.109684   -0.0852863
0.51495   -1.25442
0.293997   -0.287863
0.611945   -0.338014
0.951089   -1.07349
-0.00550649   -0.277248
0.116598   -0.0434139
0.824917   -1.35423
0.158002   -0.172313
0.110399   0.00266779
0.560776   -1.27161
0.322695   0.0965887
0.942755   -0.344642
0.938817   -0.303848
0.284064   -0.297225
0.683827   -1.03156
0.342962   -0.309387
0.292345   -0.169935
1.44198   -0.76204
0.325584   -0.222817
