45
0.266749   -0.262762
0.436318   -0.675219
1.74607   -0.865532
0.263472   -0.262862
0.0910926   -0.0893367
1.75478   -1.01823
0.263009   -0.262548
0.0898892   -0.0884197
1.63871   -0.980747
0.26707   -0.263708
0.441386   -0.596828
1.76951   -0.734768
0.262973   -0.263185
0.0900262   -0.0903646
1.75724   -0.754676
0.262558   -0.263043
0.0913427   -0.0908089
1.47395   -0.857169
0.263701   -0.281993
1.22489   -0.663316
1.7711   -1.05253
0.264015   -0.276569
0.096236   -0.0913354
1.7521   -0.571548
0.365899   -0.264016
0.0923492   -0.129304
1.75173   -0.797376
0.263735   -0.277305
0.783373   -0.497931
1.76061   -0.6916
0.262191   -0.264563
0.0940804   -0.0891925
1.75917   -0.731801
0.263532   -0.264797
0.0898341   -0.0913232
1.74806   -0.971115
0.290081   -0.262118
0.647301   -0.763479
1.74789   -0.490528
0.267385   -0.264473
0.885999   -1.41799
0.269247   -0.26865
0.267264   -0.263435
1.40836   -1.64133
0.267726   -0.263619
